from,to,cost
63,59,3160.35307665183
59,63,3160.35307665183
63,62,3324.4390757702913
62,63,3324.4390757702913
63,57,2814.21259685671
57,63,2814.21259685671
63,56,2394.4540731973657
56,63,2394.4540731973657
63,54,1814.526229451058
54,63,1814.526229451058
63,45,2372.534739094887
45,63,2372.534739094887
63,32,3272.9691459911633
32,63,3272.9691459911633
63,30,2051.3462104498276
30,63,2051.3462104498276
63,15,1600.4381676227106
15,63,1600.4381676227106
63,16,564.7107462894328
16,63,564.7107462894328
63,12,2399.598077891214
12,63,2399.598077891214
63,6,945.6082912308693
6,63,945.6082912308693
63,44,1865.1511329483753
44,63,1865.1511329483753
63,35,777.7878944001138
35,63,777.7878944001138
63,11,1844.9444090462093
11,63,1844.9444090462093
63,43,1633.9783066121252
43,63,1633.9783066121252
63,36,1055.1894133998294
36,63,1055.1894133998294
63,41,230.5113709447292
41,63,230.5113709447292
63,1,413.78303023201187
1,63,413.78303023201187
63,202202,1019.5091283084089
202202,63,1019.5091283084089
59,62,177.3101545972552
62,59,177.3101545972552
59,57,469.44260867476873
57,59,469.44260867476873
59,56,1085.869540980294
56,59,1085.869540980294
59,54,1680.0793471897325
54,59,1680.0793471897325
59,45,2129.7490997151226
45,59,2129.7490997151226
59,32,1517.4735385711729
32,59,1517.4735385711729
59,30,1572.519440432248
30,59,1572.519440432248
59,15,3128.7746374466124
15,59,3128.7746374466124
59,16,3285.82665247828
16,59,3285.82665247828
59,12,3625.0865053587404
12,59,3625.0865053587404
59,6,2276.7400260134386
6,59,2276.7400260134386
59,44,2340.1376000876294
44,59,2340.1376000876294
59,35,2890.6395731552134
35,59,2890.6395731552134
59,11,2841.3848714645032
11,59,2841.3848714645032
59,43,1528.8637782745154
43,59,1528.8637782745154
59,36,2784.023141117272
36,59,2784.023141117272
59,41,3178.8448020566602
41,59,3178.8448020566602
59,1,3570.681243647481
1,59,3570.681243647481
59,202202,3646.462185641636
202202,59,3646.462185641636
62,57,641.3242107381744
57,62,641.3242107381744
62,56,1258.120140555796
56,62,1258.120140555796
62,54,1857.0979554484825
54,62,1857.0979554484825
62,45,2192.4319852774
45,62,2192.4319852774
62,32,1486.4262320592677
32,62,1486.4262320592677
62,30,1676.329929775937
30,62,1676.329929775937
62,15,3240.1257548727735
15,62,3240.1257548727735
62,16,3436.4160243132756
16,62,3436.4160243132756
62,12,3794.2679793433126
12,62,3794.2679793433126
62,6,2431.8135118969913
6,62,2431.8135118969913
62,44,2513.216179535623
44,62,2513.216179535623
62,35,3065.889083507407
35,62,3065.889083507407
62,11,3014.780386778168
11,62,3014.780386778168
62,43,1696.0629716766462
43,62,1696.0629716766462
62,36,2960.978380588389
36,62,2960.978380588389
62,41,3337.767598781036
41,62,3337.767598781036
62,1,3735.715397553426
1,62,3735.715397553426
62,202202,3822.2472490571176
202202,62,3822.2472490571176
57,56,616.8700330852784
56,57,616.8700330852784
57,54,1227.7545742613595
54,57,1227.7545742613595
57,45,2166.246113871834
45,57,2166.246113871834
57,32,1799.1256688116082
32,57,1799.1256688116082
57,30,1507.1683800044132
30,57,1507.1683800044132
57,15,2992.9228182034312
15,57,2992.9228182034312
57,16,3001.1323647992504
16,57,3001.1323647992504
57,12,3155.7555016150636
12,57,3155.7555016150636
57,6,1984.643309723489
6,57,1984.643309723489
57,44,1871.892030452769
44,57,1871.892030452769
57,35,2475.9029282851725
35,57,2475.9029282851725
57,11,2373.477327930314
11,57,2373.477327930314
57,43,1189.2065504343923
43,57,1189.2065504343923
57,36,2349.743206065451
36,57,2349.743206065451
57,41,2857.8496629711876
41,57,2857.8496629711876
57,1,3217.3026953995436
1,57,3217.3026953995436
57,202202,3224.653118190638
202202,57,3224.653118190638
56,54,651.3381654731697
54,56,651.3381654731697
56,45,2327.3589840553022
45,56,2327.3589840553022
56,32,2244.6736713856653
32,56,2244.6736713856653
56,30,1603.1269224148098
30,56,1603.1269224148098
56,15,2885.917900602778
15,56,2885.917900602778
56,16,2674.1662186638546
16,56,2674.1662186638546
56,12,2541.4000993294553
12,56,2541.4000993294553
56,6,1690.4580580249615
6,56,1690.4580580249615
56,44,1255.2490763392814
44,56,1255.2490763392814
56,35,1947.0170789955255
35,56,1947.0170789955255
56,11,1757.0042135132649
11,56,1757.0042135132649
56,43,898.3426267644921
43,56,898.3426267644921
56,36,1788.0507151658542
36,56,1788.0507151658542
56,41,2477.651762983089
41,56,2477.651762983089
56,1,2777.660079750407
1,56,2777.660079750407
56,202202,2675.6100409852193
202202,56,2675.6100409852193
54,45,2345.7220433285943
45,54,2345.7220433285943
54,32,2569.780382305166
32,54,2569.780382305166
54,30,1633.774952770708
30,54,1633.774952770708
54,15,2589.0788043301764
15,54,2589.0788043301764
54,16,2168.272137203387
16,54,2168.272137203387
54,12,2040.7000035060507
12,54,2040.7000035060507
54,6,1276.122600177953
6,54,1276.122600177953
54,44,738.013708748686
44,54,738.013708748686
54,35,1301.652630255824
35,54,1301.652630255824
54,11,1210.5882294248108
11,54,1210.5882294248108
54,43,682.7063557628518
43,54,682.7063557628518
54,36,1136.8134376252126
36,54,1136.8134376252126
54,41,1929.3380865065837
41,54,1929.3380865065837
54,1,2176.1211122730324
1,54,2176.1211122730324
54,202202,2024.392870084615
202202,54,2024.392870084615
45,32,1162.0148223327808
32,45,1162.0148223327808
45,30,729.2955934162069
30,45,729.2955934162069
45,15,1317.7699243220136
15,45,1317.7699243220136
45,16,2105.0395230804584
16,45,2105.0395230804584
45,12,4183.317100746639
12,45,4183.317100746639
45,6,1565.2481484141665
6,45,1565.2481484141665
45,44,3009.9594437548367
44,45,3009.9594437548367
45,35,2684.6518204598206
35,45,2684.6518204598206
45,11,3366.325678389807
11,45,3366.325678389807
45,43,1665.641185238387
43,45,1665.641185238387
45,36,2792.9967429072376
36,45,2792.9967429072376
45,41,2231.889569275736
41,45,2231.889569275736
45,1,2723.7094578777696
1,45,2723.7094578777696
45,202202,3313.3018508428713
202202,45,3313.3018508428713
32,30,1224.7106002013218
30,32,1224.7106002013218
32,15,2474.3727690159512
15,32,2474.3727690159512
32,16,3131.762735768926
16,32,3131.762735768926
32,12,4598.7180434898955
12,32,4598.7180434898955
32,6,2346.1262125355115
6,32,2346.1262125355115
32,44,3307.1717142224607
44,32,3307.1717142224607
32,35,3366.0650060988173
35,32,3366.0650060988173
32,11,3759.4336276751224
11,32,3759.4336276751224
32,43,2016.1783652519894
43,32,2016.1783652519894
32,36,3386.928136944686
36,32,3386.928136944686
32,41,3183.5671889533087
41,32,3183.5671889533087
32,1,3665.9727396362337
1,32,3665.9727396362337
32,202202,4086.3584727847187
202202,32,4086.3584727847187
30,15,1565.509789871464
15,30,1565.509789871464
30,16,1958.0531060337353
16,30,1958.0531060337353
30,12,3546.9840540321784
12,30,3546.9840540321784
30,6,1121.5837204750499
6,30,1121.5837204750499
30,44,2324.0742869152755
44,30,2324.0742869152755
30,35,2171.214567777413
35,30,2171.214567777413
30,11,2714.5467526178013
11,30,2714.5467526178013
30,43,964.9697022908432
43,30,964.9697022908432
30,36,2225.850947396891
36,30,2225.850947396891
30,41,1973.6040545219719
41,30,1973.6040545219719
30,1,2449.296470400987
1,30,2449.296470400987
30,202202,2872.597154261376
202202,30,2872.597154261376
15,16,1107.005890751824
16,15,1107.005890751824
15,12,3903.7447774530447
12,15,3903.7447774530447
15,6,1337.828443052776
6,15,1337.828443052776
15,44,3026.4268111163856
44,15,3026.4268111163856
15,35,2233.8533578629176
35,15,2233.8533578629176
15,11,3207.2706962871216
11,15,3207.2706962871216
15,43,1999.6014277216548
43,15,1999.6014277216548
15,36,2453.8785373654914
36,15,2453.8785373654914
15,41,1383.5587776639798
41,15,1383.5587776639798
15,1,1806.9934996398767
1,15,1806.9934996398767
15,202202,2617.773549258388
202202,15,2617.773549258388
16,12,2964.0305751634864
12,16,2964.0305751634864
16,6,1016.7119377603278
6,16,1016.7119377603278
16,44,2351.1423301996656
44,16,2351.1423301996656
16,35,1324.2182001443516
35,16,1324.2182001443516
16,11,2385.375084323079
11,16,2385.375084323079
16,43,1819.9000529398527
43,16,1819.9000529398527
16,36,1592.2337271443416
36,16,1592.2337271443416
16,41,335.9033998586076
41,16,335.9033998586076
16,1,700.0169450779423
1,16,700.0169450779423
16,202202,1539.5194732802415
202202,16,1539.5194732802415
12,6,2694.0503269020023
6,12,2694.0503269020023
12,44,1308.1375051520702
44,12,1308.1375051520702
12,35,1672.3590095358204
35,12,1672.3590095358204
12,11,840.0248316103365
11,12,840.0248316103365
12,43,2604.9722149941076
43,12,2604.9722149941076
12,36,1456.3557175862447
36,12,1456.3557175862447
12,41,2628.3726369909214
41,12,2628.3726369909214
12,1,2449.275051832763
1,12,2449.275051832763
12,202202,1606.8806568340974
202202,12,1606.8806568340974
6,44,1695.863935798248
44,6,1695.863935798248
6,35,1120.7718145093893
35,6,1120.7718145093893
6,11,1928.1149000753226
11,6,1928.1149000753226
6,43,809.7873225970786
43,6,809.7873225970786
6,36,1253.9322436755697
36,6,1253.9322436755697
6,41,913.349722278509
41,6,913.349722278509
6,1,1355.2871573344432
1,6,1355.2871573344432
6,202202,1767.871945179721
202202,6,1767.871945179721
44,35,1135.4679710769033
35,44,1135.4679710769033
44,11,501.91621466236916
11,44,501.91621466236916
44,43,1359.61411177005
43,44,1359.61411177005
44,36,865.7686476946274
36,44,865.7686476946274
44,41,2046.750185728799
41,44,2046.750185728799
44,1,2128.555518401345
1,44,2128.555518401345
44,202202,1675.965073801041
202202,44,1675.965073801041
35,11,1067.1574064645897
11,35,1067.1574064645897
35,43,1425.578114440066
43,35,1425.578114440066
35,36,281.6679937007013
36,35,281.6679937007013
35,41,992.1002789986015
41,35,992.1002789986015
35,1,993.8464889972039
1,35,993.8464889972039
35,202202,759.4393835153777
202202,35,759.4393835153777
11,43,1766.4178433607767
43,11,1766.4178433607767
11,36,793.178288001421
36,11,793.178288001421
11,41,2056.755838583489
41,11,2056.755838583489
11,1,2019.5362405447743
1,11,2019.5362405447743
11,202202,1383.4820893484296
202202,11,1383.4820893484296
43,36,1392.0895785817927
36,43,1392.0895785817927
43,41,1668.8334927247656
41,43,1668.8334927247656
43,1,2042.6616499772667
1,43,2042.6616499772667
43,202202,2182.233524077499
202202,43,2182.233524077499
36,41,1263.934824679051
41,36,1263.934824679051
36,1,1271.0953398571878
1,36,1271.0953398571878
36,202202,890.1121249794637
202202,36,890.1121249794637
41,1,492.0996329682689
1,41,492.0996329682689
41,202202,1234.8001904688576
202202,41,1234.8001904688576
1,202202,898.913891390885
202202,1,898.913891390885
63,63,0.0
59,59,0.0
62,62,0.0
57,57,0.0
56,56,0.0
54,54,0.0
45,45,0.0
32,32,0.0
30,30,0.0
15,15,0.0
16,16,0.0
12,12,0.0
6,6,0.0
44,44,0.0
35,35,0.0
11,11,0.0
43,43,0.0
36,36,0.0
41,41,0.0
1,1,0.0
202202,202202,0.0
